54
0.0 0.0
1.0 0.0 0.0 1.0
2
-1 1 1 1 1 -1
-1 1 1 -1 -1 -1
0.0 0.0
0 0 0 1
2
.75 1 1 .75 2 1.75
.75 1 1 .75 1.75 2
0.0 0.0
0 0 0 1
2
-.75 1 -1 .75 -2 1.75
-.75 1 -1 .75 -1.75 2
0.0 0.0
0 0 0 1
2
-.75 -1 -1 -.75 -2 -1.75
-.75 -1 -1 -.75 -1.75 -2
0.0 0.0
0 0 0 1
2
.75 -1 1 -.75 2 -1.75
.75 -1 1 -.75 1.75 -2
1.875 1.875
0 1 0 1
2
-.1 0 0 1 .1 0
-.1 0 0 -1 .1 0
-1.875 1.875
0 1 0 1
2
-.1 0 0 1 .1 0
-.1 0 0 -1 .1 0
-1.875 -1.875
0 1 0 1
2
-.1 0 0 1 .1 0
-.1 0 0 -1 .1 0
1.875 -1.875
0 1 0 1
2
-.1 0 0 1 .1 0
-.1 0 0 -1 .1 0


